0.005 0
0.015 0
0.025 0
0.035 0
0.045 0
0.055 0
0.065 0
0.075 0
0.085 0
0.095 0
0.105 0
0.115 0
0.125 0
0.135 0
0.145 0
0.155 0
0.165 0
0.175 0
0.185 0
0.195 0
0.205 0
0.215 0
0.225 0
0.235 0
0.245 0
0.255 0
0.265 0
0.275 0
0.285 0
0.295 0
0.305 512.78
0.315 457.055
0.325 478.601
0.335 391.95
0.345 387.195
0.355 402.434
0.365 343.386
0.375 328.137
0.385 310.455
0.395 256.123
0.405 249.255
0.415 241.122
0.425 215.774
0.435 253.966
0.445 204.428
0.455 180.606
0.465 186.277
0.475 203.288
0.485 158.166
0.495 149.037
0.505 136.483
0.515 157.453
0.525 131.828
0.535 129.437
0.545 150.769
0.555 114.859
0.565 109.721
0.575 119.136
0.585 119.191
0.595 91.5586
0.605 100.951
0.615 80.6762
0.625 105.928
0.635 94.0369
0.645 77.5461
0.655 73.5825
0.665 83.1024
0.675 63.7691
0.685 67.5124
0.695 48.0646
0.705 0
0.715 0
0.725 0
0.735 0
0.745 0
0.755 0
0.765 0
0.775 0
0.785 0
0.795 0
0.805 0
0.815 0
0.825 0
0.835 0
0.845 0
0.855 0
0.865 0
0.875 0
0.885 0
0.895 0
0.905 0
0.915 0
0.925 0
0.935 0
0.945 0
0.955 0
0.965 0
0.975 0
0.985 0
0.995 0
