0.05
0.059732
0.069463
0.079195
0.088926
0.098658
0.108389
0.118121
0.127852
0.137584
0.147315
0.157047
0.166778
0.17651
0.186242
0.195973
0.205705
0.215436
0.225168
0.234899
0.244631
0.254362
0.264094
0.273825
0.283557
0.293289
0.30302
0.312752
0.322483
0.332215
0.341946
0.351678
0.361409
0.371141
0.380873
0.390604
0.400336
0.410067
0.419799
0.42953
0.439262
0.448993
0.458725
0.468456
0.478188
0.48792
0.497651
0.507383
0.517114
0.526846
0.536577
0.546309
0.55604
0.565772
0.575503
0.585235
0.594966
0.604698
0.614429
0.624161
0.633893
0.643624
0.653356
0.663087
0.672819
0.68255
0.692282
0.702013
0.711745
0.721476
0.731208
0.74094
0.750671
0.760403
0.770134
0.779866
0.789597
0.799329
0.80906
0.818792
0.828523
0.838255
0.847987
0.857718
0.86745
0.877181
0.886913
0.896644
0.906376
0.916107
0.925839
0.93557
0.945302
0.955034
0.964765
0.974497
0.984228
0.99396
1.003691
1.013423
1.023154
1.032886
1.042617
1.052349
1.062081
1.071812
1.081544
1.091275
1.101007
1.110738
1.12047
1.130201
1.139933
1.149664
1.159396
1.169128
1.178859
1.188591
1.198322
