0.410067
0.419799
0.42953
0.439262
0.448993
0.458725
0.468456
0.478188
0.48792
0.497651
0.507383
0.517114
0.526846
0.536577
0.546309
0.55604
0.565772
0.575503
0.585235
0.594966
0.604698
0.614429
0.624161
0.633893
0.643624
0.653356
0.663087
0.672819
0.68255
0.692282
0.702013
0.711745
0.721476
0.731208
0.74094
0.750671
0.760403
0.770134
0.779866
0.789597
0.799329
0.80906
0.818792
0.828523
0.838255
0.847987
0.857718
0.86745
0.877181
0.886913
0.896644
0.906376
0.916107
0.925839
0.93557
0.945302
0.955034
0.964765
0.974497
0.984228
0.99396
