3.284833,0.146800,0.146800,1.220656,0.898112
3.284833,0.146800,0.146800,1.220656,0.898112
3.284833,0.146800,0.146800,1.220656,0.898112
3.284833,0.146800,0.146800,1.220656,0.898112
3.284833,0.146800,0.146800,1.220656,0.898112
3.284833,0.146800,0.146800,1.220656,0.898112
3.284833,0.146800,0.146800,1.220656,0.898112
3.284833,0.146800,0.146800,1.220656,0.898112
3.284833,0.146800,0.146800,1.220656,0.898112
3.284833,0.146800,0.146800,1.220656,0.898112
3.284833,0.146800,0.146800,1.220656,1.428241
3.284833,0.146800,0.146800,1.220656,1.428241
3.284833,0.146800,0.146800,1.220656,1.428241
3.284833,0.146800,0.146800,1.220656,1.428241
3.284833,0.146800,0.146800,1.220656,1.428241
3.284833,0.146800,0.146800,1.220656,1.428241
3.284833,0.146800,0.146800,1.220656,1.428241
3.284833,0.146800,0.146800,1.220656,1.428241
3.284833,0.146800,0.146800,1.220656,1.428241
3.284833,0.146800,0.146800,1.220656,1.428241
3.284833,0.146800,0.146800,1.220656,1.428241
3.284833,0.146800,0.146800,1.220656,1.428241
3.284833,0.146800,0.146800,1.220656,1.428241
3.284833,0.146800,0.146800,1.220656,1.428241
3.284833,0.146800,0.146800,1.220656,1.428241
3.284833,0.146800,0.146800,1.220656,1.428241
3.284833,0.146800,0.146800,1.220656,1.428241
3.284833,0.146800,0.146800,1.220656,1.428241
3.284833,0.146800,0.146800,1.220656,2.004360
3.284833,0.146800,0.146800,1.220656,2.004360
3.284833,0.146800,0.146800,1.220656,2.004360
3.284833,0.146800,0.146800,1.220656,2.004360
3.284833,0.146800,0.146800,1.220656,2.004360
3.284833,0.146800,0.146800,1.220656,2.004360
3.284833,0.146800,0.146800,1.220656,2.004360
3.284833,0.146800,0.146800,1.220656,2.004360
3.284833,0.146800,0.146800,1.220656,2.004360
3.284833,0.146800,0.146800,1.220656,2.004360
3.284833,0.146800,0.146800,1.220656,2.004360
3.284833,0.146800,0.146800,1.220656,2.004360
3.284833,0.146800,0.146800,1.220656,2.004360
3.284833,0.146800,0.146800,1.220656,2.004360
3.284833,0.146800,0.146800,1.220656,2.004360
3.284833,0.146800,0.146800,1.220656,2.004360
3.284833,0.146800,0.146800,1.220656,2.004360
3.284833,0.146800,0.146800,1.220656,2.004360
3.284833,0.146800,0.146800,1.220656,2.596628
3.284833,0.146800,0.146800,1.220656,2.596628
3.284833,0.146800,0.146800,1.220656,2.596628
3.284833,0.146800,0.146800,1.220656,2.596628
3.284833,0.146800,0.146800,1.220656,2.596628
3.284833,0.146800,0.146800,1.220656,2.596628
3.284833,0.146800,0.146800,1.220656,2.596628
3.284833,0.146800,0.146800,1.220656,2.596628
3.284833,0.146800,0.146800,1.220656,2.596628
3.284833,0.146800,0.146800,1.220656,2.596628
3.284833,0.146800,0.146800,1.220656,2.596628
3.284833,0.146800,0.146800,1.220656,2.596628
3.284833,0.146800,0.146800,1.220656,2.596628
3.284833,0.146800,0.146800,1.220656,2.596628
3.284833,0.146800,0.146800,1.220656,2.596628
3.284833,0.146800,0.146800,1.220656,2.596628
3.284833,0.146800,0.146800,1.220656,2.596628
3.284833,0.146800,0.146800,1.220656,2.596628
3.284833,0.146800,0.146800,1.220656,3.254977
3.284833,0.146800,0.146800,1.220656,3.254977
3.284833,0.146800,0.146800,1.220656,3.254977
3.284833,0.146800,0.146800,1.220656,3.254977
3.284833,0.146800,0.146800,1.220656,3.254977
3.284833,0.146800,0.146800,1.220656,3.254977
3.284833,0.146800,0.146800,1.220656,3.254977
3.284833,0.146800,0.146800,1.220656,3.254977
3.284833,0.146800,0.146800,1.220656,3.254977
3.284833,0.146800,0.146800,1.220656,3.254977
3.284833,0.146800,0.146800,1.220656,3.254977
3.284833,0.146800,0.146800,1.220656,3.254977
3.284833,0.146800,0.146800,1.220656,3.254977
3.284833,0.146800,0.146800,1.220656,3.254977
3.284833,0.146800,0.146800,1.220656,3.254977
3.284833,0.146800,0.146800,1.220656,3.254977
3.284833,0.146800,0.146800,1.220656,3.254977
3.284833,0.146800,0.146800,1.220656,3.254977
3.284833,0.146800,0.146800,1.220656,3.975173
3.284833,0.146800,0.146800,1.220656,3.975173
3.284833,0.146800,0.146800,1.220656,3.975173
3.284833,0.146800,0.146800,1.220656,3.975173
3.284833,0.146800,0.146800,1.220656,3.975173
3.284833,0.146800,0.146800,1.220656,3.975173
3.284833,0.146800,0.146800,1.220656,3.975173
3.284833,0.146800,0.146800,1.220656,3.975173
3.284833,0.146800,0.146800,1.220656,3.975173
3.284833,0.146800,0.146800,1.220656,3.975173
3.284833,0.146800,0.146800,1.220656,3.975173
3.284833,0.146800,0.146800,1.220656,3.975173
3.284833,0.146800,0.146800,1.220656,3.975173
3.284833,0.146800,0.146800,1.220656,3.975173
3.284833,0.146800,0.146800,1.220656,3.975173
3.284833,0.146800,0.146800,1.220656,3.975173
3.284833,0.146800,0.146800,1.220656,3.975173
3.284833,0.146800,0.146800,1.220656,3.975173
3.284833,0.146800,0.175300,1.220656,0.327132
3.284833,0.146800,0.175300,1.220656,0.327132
3.284833,0.146800,0.175300,1.220656,0.327132
3.284833,0.146800,0.175300,1.220656,0.752099
3.284833,0.146800,0.175300,1.220656,0.752099
3.284833,0.146800,0.175300,1.220656,0.752099
3.284833,0.146800,0.175300,1.220656,0.752099
3.284833,0.146800,0.175300,1.220656,0.752099
3.284833,0.146800,0.175300,1.220656,0.752099
3.284833,0.146800,0.175300,1.220656,0.752099
3.284833,0.146800,0.175300,1.220656,0.752099
3.284833,0.146800,0.175300,1.220656,0.752099
3.284833,0.146800,0.175300,1.220656,0.752099
3.284833,0.146800,0.175300,1.220656,0.752099
3.284833,0.146800,0.175300,1.220656,0.752099
3.284833,0.146800,0.175300,1.220656,0.752099
3.284833,0.146800,0.175300,1.220656,1.196040
3.284833,0.146800,0.175300,1.220656,1.196040
3.284833,0.146800,0.175300,1.220656,1.196040
3.284833,0.146800,0.175300,1.220656,1.196040
3.284833,0.146800,0.175300,1.220656,1.196040
3.284833,0.146800,0.175300,1.220656,1.196040
3.284833,0.146800,0.175300,1.220656,1.196040
3.284833,0.146800,0.175300,1.220656,1.196040
3.284833,0.146800,0.175300,1.220656,1.196040
3.284833,0.146800,0.175300,1.220656,1.196040
3.284833,0.146800,0.175300,1.220656,1.196040
3.284833,0.146800,0.175300,1.220656,1.196040
3.284833,0.146800,0.175300,1.220656,1.196040
3.284833,0.146800,0.175300,1.220656,1.196040
3.284833,0.146800,0.175300,1.220656,1.196040
3.284833,0.146800,0.175300,1.220656,1.196040
3.284833,0.146800,0.175300,1.220656,1.196040
3.284833,0.146800,0.175300,1.220656,1.196040
3.284833,0.146800,0.175300,1.220656,1.678494
3.284833,0.146800,0.175300,1.220656,1.678494
3.284833,0.146800,0.175300,1.220656,1.678494
3.284833,0.146800,0.175300,1.220656,1.678494
3.284833,0.146800,0.175300,1.220656,1.678494
3.284833,0.146800,0.175300,1.220656,1.678494
3.284833,0.146800,0.175300,1.220656,1.678494
3.284833,0.146800,0.175300,1.220656,1.678494
3.284833,0.146800,0.175300,1.220656,1.678494
3.284833,0.146800,0.175300,1.220656,1.678494
3.284833,0.146800,0.175300,1.220656,1.678494
3.284833,0.146800,0.175300,1.220656,1.678494
3.284833,0.146800,0.175300,1.220656,1.678494
3.284833,0.146800,0.175300,1.220656,1.678494
3.284833,0.146800,0.175300,1.220656,1.678494
3.284833,0.146800,0.175300,1.220656,1.678494
3.284833,0.146800,0.175300,1.220656,1.678494
3.284833,0.146800,0.175300,1.220656,1.678494
3.284833,0.146800,0.175300,1.220656,2.174472
3.284833,0.146800,0.175300,1.220656,2.174472
3.284833,0.146800,0.175300,1.220656,2.174472
3.284833,0.146800,0.175300,1.220656,2.174472
3.284833,0.146800,0.175300,1.220656,2.174472
3.284833,0.146800,0.175300,1.220656,2.174472
3.284833,0.146800,0.175300,1.220656,2.174472
3.284833,0.146800,0.175300,1.220656,2.174472
3.284833,0.146800,0.175300,1.220656,2.174472
3.284833,0.146800,0.175300,1.220656,2.174472
3.284833,0.146800,0.175300,1.220656,2.174472
3.284833,0.146800,0.175300,1.220656,2.174472
3.284833,0.146800,0.175300,1.220656,2.174472
3.284833,0.146800,0.175300,1.220656,2.174472
3.284833,0.146800,0.175300,1.220656,2.174472
3.284833,0.146800,0.175300,1.220656,2.174472
3.284833,0.146800,0.175300,1.220656,2.174472
3.284833,0.146800,0.175300,1.220656,2.174472
3.284833,0.146800,0.175300,1.220656,2.725788
3.284833,0.146800,0.175300,1.220656,2.725788
3.284833,0.146800,0.175300,1.220656,2.725788
3.284833,0.146800,0.175300,1.220656,2.725788
3.284833,0.146800,0.175300,1.220656,2.725788
3.284833,0.146800,0.175300,1.220656,2.725788
3.284833,0.146800,0.175300,1.220656,2.725788
3.284833,0.146800,0.175300,1.220656,2.725788
3.284833,0.146800,0.175300,1.220656,2.725788
3.284833,0.146800,0.175300,1.220656,2.725788
3.284833,0.146800,0.175300,1.220656,2.725788
3.284833,0.146800,0.175300,1.220656,2.725788
3.284833,0.146800,0.175300,1.220656,2.725788
3.284833,0.146800,0.175300,1.220656,2.725788
3.284833,0.146800,0.175300,1.220656,2.725788
3.284833,0.146800,0.175300,1.220656,2.725788
3.284833,0.146800,0.175300,1.220656,2.725788
3.284833,0.146800,0.175300,1.220656,2.725788
3.284833,0.146800,0.175300,1.220656,3.328896
3.284833,0.146800,0.175300,1.220656,3.328896
3.284833,0.146800,0.175300,1.220656,3.328896
3.284833,0.146800,0.175300,1.220656,3.328896
3.284833,0.146800,0.175300,1.220656,3.328896
3.284833,0.146800,0.175300,1.220656,3.328896
3.284833,0.146800,0.175300,1.220656,3.328896
3.284833,0.146800,0.175300,1.220656,3.328896
3.284833,0.146800,0.175300,1.220656,3.328896
3.284833,0.146800,0.175300,1.220656,3.328896
3.284833,0.146800,0.175300,1.220656,3.328896
3.284833,0.146800,0.175300,1.220656,3.328896
3.284833,0.146800,0.175300,1.220656,3.328896
3.284833,0.146800,0.175300,1.220656,3.328896
3.284833,0.146800,0.175300,1.220656,3.328896
3.284833,0.146800,0.175300,1.220656,3.328896
3.284833,0.146800,0.175300,1.220656,3.328896
3.284833,0.146800,0.175300,1.220656,3.328896
3.284833,0.146800,0.175300,1.220656,4.027464
3.284833,0.146800,0.175300,1.220656,4.027464
3.284833,0.146800,0.175300,1.220656,4.027464
3.284833,0.146800,0.175300,1.220656,4.027464
3.284833,0.146800,0.175300,1.220656,4.027464
3.284833,0.146800,0.175300,1.220656,4.027464
3.284833,0.146800,0.175300,1.220656,4.027464
3.284833,0.146800,0.175300,1.220656,4.027464
3.284833,0.146800,0.175300,1.220656,4.027464
3.284833,0.146800,0.175300,1.220656,4.027464
