3.284833,0.175300,0.413400,1.319091,1.306262
3.284833,0.175300,0.413400,1.319091,1.306262
3.284833,0.175300,0.413400,1.319091,1.306262
3.284833,0.175300,0.413400,1.319091,1.306262
3.284833,0.175300,0.413400,1.319091,1.306262
3.284833,0.175300,0.413400,1.319091,1.306262
3.284833,0.175300,0.413400,1.319091,1.306262
3.284833,0.175300,0.413400,1.319091,1.306262
3.284833,0.175300,0.413400,1.319091,1.306262
3.284833,0.175300,0.413400,1.319091,1.306262
3.284833,0.175300,0.413400,1.319091,1.306262
3.284833,0.175300,0.413400,1.319091,1.306262
3.284833,0.175300,0.413400,1.319091,1.306262
3.284833,0.175300,0.413400,1.319091,1.306262
3.284833,0.175300,0.413400,1.319091,1.306262
3.284833,0.175300,0.413400,1.319091,1.306262
3.284833,0.175300,0.413400,1.319091,1.306262
3.284833,0.175300,0.413400,1.319091,1.580380
3.284833,0.175300,0.413400,1.319091,1.580380
3.284833,0.175300,0.413400,1.319091,1.580380
3.284833,0.175300,0.413400,1.319091,1.580380
3.284833,0.175300,0.413400,1.319091,1.580380
3.284833,0.175300,0.413400,1.319091,1.580380
3.284833,0.175300,0.413400,1.319091,1.580380
3.284833,0.175300,0.413400,1.319091,1.580380
3.284833,0.175300,0.413400,1.319091,1.580380
3.284833,0.175300,0.413400,1.319091,1.580380
3.284833,0.175300,0.413400,1.319091,1.580380
3.284833,0.175300,0.413400,1.319091,1.580380
3.284833,0.175300,0.413400,1.319091,1.580380
3.284833,0.175300,0.413400,1.319091,1.580380
3.284833,0.175300,0.413400,1.319091,1.580380
3.284833,0.175300,0.413400,1.319091,1.580380
3.284833,0.175300,0.413400,1.319091,1.580380
3.284833,0.175300,0.413400,1.319091,1.580380
3.284833,0.175300,0.413400,1.319091,1.900541
3.284833,0.175300,0.413400,1.319091,1.900541
3.284833,0.175300,0.413400,1.319091,1.900541
3.284833,0.175300,0.413400,1.319091,1.900541
3.284833,0.175300,0.413400,1.319091,1.900541
3.284833,0.175300,0.413400,1.319091,1.900541
3.284833,0.175300,0.413400,1.319091,1.900541
3.284833,0.175300,0.413400,1.319091,1.900541
3.284833,0.175300,0.413400,1.319091,1.900541
3.284833,0.175300,0.413400,1.319091,1.900541
3.284833,0.175300,0.413400,1.319091,1.900541
3.284833,0.175300,0.413400,1.319091,1.900541
3.284833,0.175300,0.413400,1.319091,1.900541
3.284833,0.175300,0.413400,1.319091,1.900541
3.284833,0.175300,0.413400,1.319091,1.900541
3.284833,0.175300,0.413400,1.319091,1.900541
3.284833,0.175300,0.413400,1.319091,1.900541
3.284833,0.175300,0.413400,1.319091,1.900541
3.284833,0.175300,0.413400,1.319091,2.286022
3.284833,0.175300,0.413400,1.319091,2.286022
3.284833,0.175300,0.413400,1.319091,2.286022
3.284833,0.175300,0.413400,1.319091,2.286022
3.284833,0.175300,0.453700,1.319091,0.116965
3.284833,0.175300,0.453700,1.319091,0.116965
3.284833,0.175300,0.453700,1.319091,0.116965
3.284833,0.175300,0.453700,1.319091,0.268910
3.284833,0.175300,0.453700,1.319091,0.268910
3.284833,0.175300,0.453700,1.319091,0.268910
3.284833,0.175300,0.453700,1.319091,0.268910
3.284833,0.175300,0.453700,1.319091,0.427639
3.284833,0.175300,0.453700,1.319091,0.427639
3.284833,0.175300,0.453700,1.319091,0.427639
3.284833,0.175300,0.453700,1.319091,0.427639
3.284833,0.175300,0.453700,1.319091,0.427639
3.284833,0.175300,0.453700,1.319091,0.427639
3.284833,0.175300,0.453700,1.319091,0.427639
3.284833,0.175300,0.453700,1.319091,0.427639
3.284833,0.175300,0.453700,1.319091,0.600138
3.284833,0.175300,0.453700,1.319091,0.600138
3.284833,0.175300,0.453700,1.319091,0.600138
3.284833,0.175300,0.453700,1.319091,0.600138
3.284833,0.175300,0.453700,1.319091,0.600138
3.284833,0.175300,0.453700,1.319091,0.600138
3.284833,0.175300,0.453700,1.319091,0.600138
3.284833,0.175300,0.453700,1.319091,0.600138
3.284833,0.175300,0.453700,1.319091,0.600138
3.284833,0.175300,0.453700,1.319091,0.600138
3.284833,0.175300,0.453700,1.319091,0.600138
3.284833,0.175300,0.453700,1.319091,0.600138
3.284833,0.175300,0.453700,1.319091,0.777473
3.284833,0.175300,0.453700,1.319091,0.777473
3.284833,0.175300,0.453700,1.319091,0.777473
3.284833,0.175300,0.453700,1.319091,0.777473
3.284833,0.175300,0.453700,1.319091,0.777473
3.284833,0.175300,0.453700,1.319091,0.777473
3.284833,0.175300,0.453700,1.319091,0.777473
3.284833,0.175300,0.453700,1.319091,0.777473
3.284833,0.175300,0.453700,1.319091,0.777473
3.284833,0.175300,0.453700,1.319091,0.777473
3.284833,0.175300,0.453700,1.319091,0.777473
3.284833,0.175300,0.453700,1.319091,0.777473
3.284833,0.175300,0.453700,1.319091,0.777473
3.284833,0.175300,0.453700,1.319091,0.777473
3.284833,0.175300,0.453700,1.319091,0.777473
3.284833,0.175300,0.453700,1.319091,0.777473
3.284833,0.175300,0.453700,1.319091,0.974594
3.284833,0.175300,0.453700,1.319091,0.974594
3.284833,0.175300,0.453700,1.319091,0.974594
3.284833,0.175300,0.453700,1.319091,0.974594
3.284833,0.175300,0.453700,1.319091,0.974594
3.284833,0.175300,0.453700,1.319091,0.974594
3.284833,0.175300,0.453700,1.319091,0.974594
3.284833,0.175300,0.453700,1.319091,0.974594
3.284833,0.175300,0.453700,1.319091,0.974594
3.284833,0.175300,0.453700,1.319091,0.974594
3.284833,0.175300,0.453700,1.319091,0.974594
3.284833,0.175300,0.453700,1.319091,0.974594
3.284833,0.175300,0.453700,1.319091,0.974594
3.284833,0.175300,0.453700,1.319091,0.974594
3.284833,0.175300,0.453700,1.319091,0.974594
3.284833,0.175300,0.453700,1.319091,0.974594
3.284833,0.175300,0.453700,1.319091,0.974594
3.284833,0.175300,0.453700,1.319091,0.974594
3.284833,0.175300,0.453700,1.319091,1.190233
3.284833,0.175300,0.453700,1.319091,1.190233
3.284833,0.175300,0.453700,1.319091,1.190233
3.284833,0.175300,0.453700,1.319091,1.190233
3.284833,0.175300,0.453700,1.319091,1.190233
3.284833,0.175300,0.453700,1.319091,1.190233
3.284833,0.175300,0.453700,1.319091,1.190233
3.284833,0.175300,0.453700,1.319091,1.190233
3.284833,0.175300,0.453700,1.319091,1.190233
3.284833,0.175300,0.453700,1.319091,1.190233
3.284833,0.175300,0.453700,1.319091,1.190233
3.284833,0.175300,0.453700,1.319091,1.190233
3.284833,0.175300,0.453700,1.319091,1.190233
3.284833,0.175300,0.453700,1.319091,1.190233
3.284833,0.175300,0.453700,1.319091,1.190233
3.284833,0.175300,0.453700,1.319091,1.190233
3.284833,0.175300,0.453700,1.319091,1.190233
3.284833,0.175300,0.453700,1.319091,1.190233
3.284833,0.175300,0.453700,1.319091,1.440003
3.284833,0.175300,0.453700,1.319091,1.440003
3.284833,0.175300,0.453700,1.319091,1.440003
3.284833,0.175300,0.453700,1.319091,1.440003
3.284833,0.175300,0.453700,1.319091,1.440003
3.284833,0.175300,0.453700,1.319091,1.440003
3.284833,0.175300,0.453700,1.319091,1.440003
3.284833,0.175300,0.453700,1.319091,1.440003
3.284833,0.175300,0.453700,1.319091,1.440003
3.284833,0.175300,0.453700,1.319091,1.440003
3.284833,0.175300,0.453700,1.319091,1.440003
3.284833,0.175300,0.453700,1.319091,1.440003
3.284833,0.175300,0.453700,1.319091,1.440003
3.284833,0.175300,0.453700,1.319091,1.440003
3.284833,0.175300,0.453700,1.319091,1.440003
3.284833,0.175300,0.453700,1.319091,1.440003
3.284833,0.175300,0.453700,1.319091,1.440003
3.284833,0.175300,0.453700,1.319091,1.440003
3.284833,0.175300,0.453700,1.319091,1.731725
3.284833,0.175300,0.453700,1.319091,1.731725
3.284833,0.175300,0.453700,1.319091,1.731725
3.284833,0.175300,0.453700,1.319091,1.731725
3.284833,0.175300,0.453700,1.319091,1.731725
3.284833,0.175300,0.453700,1.319091,1.731725
3.284833,0.175300,0.453700,1.319091,1.731725
3.284833,0.175300,0.453700,1.319091,1.731725
3.284833,0.175300,0.453700,1.319091,1.731725
3.284833,0.175300,0.453700,1.319091,1.731725
3.284833,0.175300,0.453700,1.319091,1.731725
3.284833,0.175300,0.453700,1.319091,1.731725
3.284833,0.175300,0.453700,1.319091,1.731725
3.284833,0.175300,0.453700,1.319091,1.731725
3.284833,0.175300,0.453700,1.319091,1.731725
3.284833,0.175300,0.453700,1.319091,1.731725
3.284833,0.175300,0.453700,1.319091,1.731725
3.284833,0.175300,0.453700,1.319091,1.731725
3.284833,0.175300,0.453700,1.319091,2.082966
3.284833,0.175300,0.453700,1.319091,2.082966
3.284833,0.175300,0.453700,1.319091,2.082966
3.284833,0.175300,0.453700,1.319091,2.082966
3.284833,0.175300,0.453700,1.319091,2.082966
3.284833,0.175300,0.453700,1.319091,2.082966
3.284833,0.175300,0.453700,1.319091,2.082966
3.284833,0.175300,0.453700,1.319091,2.082966
3.284833,0.175300,0.453700,1.319091,2.082966
3.284833,0.175300,0.495800,1.319091,0.246076
3.284833,0.175300,0.495800,1.319091,0.246076
3.284833,0.175300,0.495800,1.319091,0.246076
3.284833,0.175300,0.495800,1.319091,0.246076
3.284833,0.175300,0.495800,1.319091,0.391327
3.284833,0.175300,0.495800,1.319091,0.391327
3.284833,0.175300,0.495800,1.319091,0.391327
3.284833,0.175300,0.495800,1.319091,0.391327
3.284833,0.175300,0.495800,1.319091,0.391327
3.284833,0.175300,0.495800,1.319091,0.391327
3.284833,0.175300,0.495800,1.319091,0.391327
3.284833,0.175300,0.495800,1.319091,0.391327
3.284833,0.175300,0.495800,1.319091,0.549179
3.284833,0.175300,0.495800,1.319091,0.549179
3.284833,0.175300,0.495800,1.319091,0.549179
3.284833,0.175300,0.495800,1.319091,0.549179
3.284833,0.175300,0.495800,1.319091,0.549179
3.284833,0.175300,0.495800,1.319091,0.549179
3.284833,0.175300,0.495800,1.319091,0.549179
3.284833,0.175300,0.495800,1.319091,0.549179
3.284833,0.175300,0.495800,1.319091,0.549179
3.284833,0.175300,0.495800,1.319091,0.549179
3.284833,0.175300,0.495800,1.319091,0.549179
3.284833,0.175300,0.495800,1.319091,0.549179
3.284833,0.175300,0.495800,1.319091,0.711456
3.284833,0.175300,0.495800,1.319091,0.711456
3.284833,0.175300,0.495800,1.319091,0.711456
3.284833,0.175300,0.495800,1.319091,0.711456
3.284833,0.175300,0.495800,1.319091,0.711456
3.284833,0.175300,0.495800,1.319091,0.711456
3.284833,0.175300,0.495800,1.319091,0.711456
3.284833,0.175300,0.495800,1.319091,0.711456
3.284833,0.175300,0.495800,1.319091,0.711456
3.284833,0.175300,0.495800,1.319091,0.711456
3.284833,0.175300,0.495800,1.319091,0.711456
