3.284833,0.175300,0.093300,1.220656,2.247221
3.284833,0.175300,0.093300,1.220656,2.247221
3.284833,0.175300,0.093300,1.220656,2.247221
3.284833,0.175300,0.093300,1.220656,2.247221
3.284833,0.175300,0.093300,1.220656,2.247221
3.284833,0.175300,0.093300,1.220656,2.247221
3.284833,0.175300,0.093300,1.220656,2.247221
3.284833,0.175300,0.093300,1.220656,2.247221
3.284833,0.175300,0.093300,1.220656,2.247221
3.284833,0.175300,0.093300,1.220656,2.247221
3.284833,0.175300,0.093300,1.220656,2.247221
3.284833,0.175300,0.093300,1.220656,2.247221
3.284833,0.175300,0.093300,1.220656,2.247221
3.284833,0.175300,0.093300,1.220656,2.247221
3.284833,0.175300,0.093300,1.220656,2.247221
3.284833,0.175300,0.093300,1.220656,3.153698
3.284833,0.175300,0.093300,1.220656,3.153698
3.284833,0.175300,0.093300,1.220656,3.153698
3.284833,0.175300,0.093300,1.220656,3.153698
3.284833,0.175300,0.093300,1.220656,3.153698
3.284833,0.175300,0.093300,1.220656,3.153698
3.284833,0.175300,0.093300,1.220656,3.153698
3.284833,0.175300,0.093300,1.220656,3.153698
3.284833,0.175300,0.093300,1.220656,3.153698
3.284833,0.175300,0.093300,1.220656,3.153698
3.284833,0.175300,0.093300,1.220656,3.153698
3.284833,0.175300,0.093300,1.220656,3.153698
3.284833,0.175300,0.093300,1.220656,3.153698
3.284833,0.175300,0.093300,1.220656,3.153698
3.284833,0.175300,0.093300,1.220656,3.153698
3.284833,0.175300,0.093300,1.220656,3.153698
3.284833,0.175300,0.093300,1.220656,3.153698
3.284833,0.175300,0.093300,1.220656,3.153698
3.284833,0.175300,0.119400,1.220656,0.480287
3.284833,0.175300,0.119400,1.220656,0.480287
3.284833,0.175300,0.119400,1.220656,1.104212
3.284833,0.175300,0.119400,1.220656,1.104212
3.284833,0.175300,0.119400,1.220656,1.104212
3.284833,0.175300,0.119400,1.220656,1.104212
3.284833,0.175300,0.119400,1.220656,1.104212
3.284833,0.175300,0.119400,1.220656,1.104212
3.284833,0.175300,0.119400,1.220656,1.104212
3.284833,0.175300,0.119400,1.220656,1.104212
3.284833,0.175300,0.119400,1.220656,1.104212
3.284833,0.175300,0.119400,1.220656,1.104212
3.284833,0.175300,0.119400,1.220656,1.104212
3.284833,0.175300,0.119400,1.220656,1.104212
3.284833,0.175300,0.119400,1.220656,1.104212
3.284833,0.175300,0.119400,1.220656,1.104212
3.284833,0.175300,0.119400,1.220656,1.104212
3.284833,0.175300,0.119400,1.220656,1.104212
3.284833,0.175300,0.119400,1.220656,1.755995
3.284833,0.175300,0.119400,1.220656,1.755995
3.284833,0.175300,0.119400,1.220656,1.755995
3.284833,0.175300,0.119400,1.220656,1.755995
3.284833,0.175300,0.119400,1.220656,1.755995
3.284833,0.175300,0.119400,1.220656,1.755995
3.284833,0.175300,0.119400,1.220656,1.755995
3.284833,0.175300,0.119400,1.220656,1.755995
3.284833,0.175300,0.119400,1.220656,1.755995
3.284833,0.175300,0.119400,1.220656,1.755995
3.284833,0.175300,0.119400,1.220656,1.755995
3.284833,0.175300,0.119400,1.220656,1.755995
3.284833,0.175300,0.119400,1.220656,1.755995
3.284833,0.175300,0.119400,1.220656,1.755995
3.284833,0.175300,0.119400,1.220656,1.755995
3.284833,0.175300,0.119400,1.220656,1.755995
3.284833,0.175300,0.119400,1.220656,1.755995
3.284833,0.175300,0.119400,1.220656,1.755995
3.284833,0.175300,0.119400,1.220656,2.464322
3.284833,0.175300,0.119400,1.220656,2.464322
3.284833,0.175300,0.119400,1.220656,2.464322
3.284833,0.175300,0.119400,1.220656,2.464322
3.284833,0.175300,0.119400,1.220656,2.464322
3.284833,0.175300,0.119400,1.220656,2.464322
3.284833,0.175300,0.119400,1.220656,2.464322
3.284833,0.175300,0.119400,1.220656,2.464322
3.284833,0.175300,0.119400,1.220656,2.464322
3.284833,0.175300,0.119400,1.220656,2.464322
3.284833,0.175300,0.119400,1.220656,2.464322
3.284833,0.175300,0.119400,1.220656,2.464322
3.284833,0.175300,0.119400,1.220656,2.464322
3.284833,0.175300,0.119400,1.220656,2.464322
3.284833,0.175300,0.119400,1.220656,2.464322
3.284833,0.175300,0.119400,1.220656,2.464322
3.284833,0.175300,0.119400,1.220656,2.464322
3.284833,0.175300,0.119400,1.220656,2.464322
3.284833,0.175300,0.119400,1.220656,3.192504
3.284833,0.175300,0.119400,1.220656,3.192504
3.284833,0.175300,0.119400,1.220656,3.192504
3.284833,0.175300,0.119400,1.220656,3.192504
3.284833,0.175300,0.119400,1.220656,3.192504
3.284833,0.175300,0.119400,1.220656,3.192504
3.284833,0.175300,0.119400,1.220656,3.192504
3.284833,0.175300,0.119400,1.220656,3.192504
3.284833,0.175300,0.119400,1.220656,3.192504
3.284833,0.175300,0.119400,1.220656,3.192504
3.284833,0.175300,0.119400,1.220656,3.192504
3.284833,0.175300,0.119400,1.220656,3.192504
3.284833,0.175300,0.119400,1.220656,3.192504
3.284833,0.175300,0.119400,1.220656,3.192504
3.284833,0.175300,0.119400,1.220656,3.192504
3.284833,0.175300,0.119400,1.220656,3.192504
3.284833,0.175300,0.119400,1.220656,3.192504
3.284833,0.175300,0.119400,1.220656,3.192504
3.284833,0.175300,0.146800,1.220656,0.390642
3.284833,0.175300,0.146800,1.220656,0.390642
3.284833,0.175300,0.146800,1.220656,0.898112
3.284833,0.175300,0.146800,1.220656,0.898112
3.284833,0.175300,0.146800,1.220656,0.898112
3.284833,0.175300,0.146800,1.220656,0.898112
3.284833,0.175300,0.146800,1.220656,0.898112
3.284833,0.175300,0.146800,1.220656,0.898112
3.284833,0.175300,0.146800,1.220656,0.898112
3.284833,0.175300,0.146800,1.220656,0.898112
3.284833,0.175300,0.146800,1.220656,0.898112
3.284833,0.175300,0.146800,1.220656,0.898112
3.284833,0.175300,0.146800,1.220656,0.898112
3.284833,0.175300,0.146800,1.220656,0.898112
3.284833,0.175300,0.146800,1.220656,0.898112
3.284833,0.175300,0.146800,1.220656,1.428241
3.284833,0.175300,0.146800,1.220656,1.428241
3.284833,0.175300,0.146800,1.220656,1.428241
3.284833,0.175300,0.146800,1.220656,1.428241
3.284833,0.175300,0.146800,1.220656,1.428241
3.284833,0.175300,0.146800,1.220656,1.428241
3.284833,0.175300,0.146800,1.220656,1.428241
3.284833,0.175300,0.146800,1.220656,1.428241
3.284833,0.175300,0.146800,1.220656,1.428241
3.284833,0.175300,0.146800,1.220656,1.428241
3.284833,0.175300,0.146800,1.220656,1.428241
3.284833,0.175300,0.146800,1.220656,1.428241
3.284833,0.175300,0.146800,1.220656,1.428241
3.284833,0.175300,0.146800,1.220656,1.428241
3.284833,0.175300,0.146800,1.220656,1.428241
3.284833,0.175300,0.146800,1.220656,1.428241
3.284833,0.175300,0.146800,1.220656,1.428241
3.284833,0.175300,0.146800,1.220656,1.428241
3.284833,0.175300,0.146800,1.220656,2.004360
3.284833,0.175300,0.146800,1.220656,2.004360
3.284833,0.175300,0.146800,1.220656,2.004360
3.284833,0.175300,0.146800,1.220656,2.004360
3.284833,0.175300,0.146800,1.220656,2.004360
3.284833,0.175300,0.146800,1.220656,2.004360
3.284833,0.175300,0.146800,1.220656,2.004360
3.284833,0.175300,0.146800,1.220656,2.004360
3.284833,0.175300,0.146800,1.220656,2.004360
3.284833,0.175300,0.146800,1.220656,2.004360
3.284833,0.175300,0.146800,1.220656,2.004360
3.284833,0.175300,0.146800,1.220656,2.004360
3.284833,0.175300,0.146800,1.220656,2.004360
3.284833,0.175300,0.146800,1.220656,2.004360
3.284833,0.175300,0.146800,1.220656,2.004360
3.284833,0.175300,0.146800,1.220656,2.004360
3.284833,0.175300,0.146800,1.220656,2.004360
3.284833,0.175300,0.146800,1.220656,2.004360
3.284833,0.175300,0.146800,1.220656,2.596628
3.284833,0.175300,0.146800,1.220656,2.596628
3.284833,0.175300,0.146800,1.220656,2.596628
3.284833,0.175300,0.146800,1.220656,2.596628
3.284833,0.175300,0.146800,1.220656,2.596628
3.284833,0.175300,0.146800,1.220656,2.596628
3.284833,0.175300,0.146800,1.220656,2.596628
3.284833,0.175300,0.146800,1.220656,2.596628
3.284833,0.175300,0.146800,1.220656,2.596628
3.284833,0.175300,0.146800,1.220656,2.596628
3.284833,0.175300,0.146800,1.220656,2.596628
3.284833,0.175300,0.146800,1.220656,2.596628
3.284833,0.175300,0.146800,1.220656,2.596628
3.284833,0.175300,0.146800,1.220656,2.596628
3.284833,0.175300,0.146800,1.220656,2.596628
3.284833,0.175300,0.146800,1.220656,2.596628
3.284833,0.175300,0.146800,1.220656,2.596628
3.284833,0.175300,0.146800,1.220656,2.596628
3.284833,0.175300,0.146800,1.220656,3.254977
3.284833,0.175300,0.146800,1.220656,3.254977
3.284833,0.175300,0.146800,1.220656,3.254977
3.284833,0.175300,0.146800,1.220656,3.254977
3.284833,0.175300,0.146800,1.220656,3.254977
3.284833,0.175300,0.146800,1.220656,3.254977
3.284833,0.175300,0.146800,1.220656,3.254977
3.284833,0.175300,0.146800,1.220656,3.254977
3.284833,0.175300,0.146800,1.220656,3.254977
3.284833,0.175300,0.146800,1.220656,3.254977
3.284833,0.175300,0.146800,1.220656,3.254977
3.284833,0.175300,0.146800,1.220656,3.254977
3.284833,0.175300,0.146800,1.220656,3.254977
3.284833,0.175300,0.146800,1.220656,3.254977
3.284833,0.175300,0.146800,1.220656,3.254977
3.284833,0.175300,0.146800,1.220656,3.254977
3.284833,0.175300,0.146800,1.220656,3.254977
3.284833,0.175300,0.146800,1.220656,3.254977
3.284833,0.175300,0.175300,1.220656,0.327132
3.284833,0.175300,0.175300,1.220656,0.327132
3.284833,0.175300,0.175300,1.220656,0.752099
3.284833,0.175300,0.175300,1.220656,0.752099
3.284833,0.175300,0.175300,1.220656,0.752099
3.284833,0.175300,0.175300,1.220656,0.752099
3.284833,0.175300,0.175300,1.220656,0.752099
3.284833,0.175300,0.175300,1.220656,0.752099
3.284833,0.175300,0.175300,1.220656,0.752099
3.284833,0.175300,0.175300,1.220656,0.752099
3.284833,0.175300,0.175300,1.220656,0.752099
3.284833,0.175300,0.175300,1.220656,1.196040
3.284833,0.175300,0.175300,1.220656,1.196040
3.284833,0.175300,0.175300,1.220656,1.196040
3.284833,0.175300,0.175300,1.220656,1.196040
3.284833,0.175300,0.175300,1.220656,1.196040
3.284833,0.175300,0.175300,1.220656,1.196040
3.284833,0.175300,0.175300,1.220656,1.196040
3.284833,0.175300,0.175300,1.220656,1.196040
3.284833,0.175300,0.175300,1.220656,1.196040
3.284833,0.175300,0.175300,1.220656,1.196040
3.284833,0.175300,0.175300,1.220656,1.196040
3.284833,0.175300,0.175300,1.220656,1.196040
3.284833,0.175300,0.175300,1.220656,1.196040
