3.284833,0.146800,0.068200,1.220656,0.840854
3.284833,0.146800,0.068200,1.220656,1.933180
3.284833,0.146800,0.068200,1.220656,3.074278
3.284833,0.146800,0.093300,1.220656,0.614643
3.284833,0.146800,0.093300,1.220656,1.413107
3.284833,0.146800,0.093300,1.220656,2.247221
3.284833,0.146800,0.093300,1.220656,3.153698
3.284833,0.146800,0.093300,1.220656,4.085584
3.284833,0.146800,0.119400,1.220656,0.480287
3.284833,0.146800,0.119400,1.220656,1.104212
3.284833,0.146800,0.119400,1.220656,1.755995
3.284833,0.146800,0.119400,1.220656,2.464322
3.284833,0.146800,0.119400,1.220656,3.192504
3.284833,0.146800,0.119400,1.220656,4.001932
3.284833,0.146800,0.146800,1.220656,0.390642
3.284833,0.146800,0.146800,1.220656,0.898112
3.284833,0.146800,0.146800,1.220656,1.428241
3.284833,0.146800,0.146800,1.220656,2.004360
3.284833,0.146800,0.146800,1.220656,2.596628
3.284833,0.146800,0.146800,1.220656,3.254977
3.284833,0.146800,0.146800,1.220656,3.975173
3.284833,0.146800,0.175300,1.220656,0.327132
3.284833,0.146800,0.175300,1.220656,0.752099
3.284833,0.146800,0.175300,1.220656,1.196040
3.284833,0.146800,0.175300,1.220656,1.678494
3.284833,0.146800,0.175300,1.220656,2.174472
3.284833,0.146800,0.175300,1.220656,2.725788
3.284833,0.146800,0.175300,1.220656,3.328896
3.284833,0.146800,0.175300,1.220656,4.027464
3.284833,0.146800,0.205100,1.220656,0.279601
3.284833,0.146800,0.205100,1.220656,0.642823
3.284833,0.146800,0.205100,1.220656,1.022261
3.284833,0.146800,0.205100,1.220656,1.434617
3.284833,0.146800,0.205100,1.220656,1.858532
3.284833,0.146800,0.205100,1.220656,2.329745
3.284833,0.146800,0.205100,1.220656,2.845224
3.284833,0.146800,0.205100,1.220656,3.442294
3.284833,0.146800,0.236200,1.220656,0.242787
3.284833,0.146800,0.236200,1.220656,0.558183
3.284833,0.146800,0.236200,1.220656,0.887662
3.284833,0.146800,0.236200,1.220656,1.245724
3.284833,0.146800,0.236200,1.220656,1.613823
3.284833,0.146800,0.236200,1.220656,2.022992
3.284833,0.146800,0.236200,1.220656,2.470599
3.284833,0.146800,0.236200,1.220656,2.989053
3.284833,0.146800,0.236200,1.220656,3.594590
3.284833,0.146800,0.268600,1.220656,0.490852
3.284833,0.146800,0.268600,1.220656,0.780587
3.284833,0.146800,0.268600,1.220656,1.095458
3.284833,0.146800,0.268600,1.220656,1.419155
3.284833,0.146800,0.268600,1.220656,1.778967
3.284833,0.146800,0.268600,1.220656,2.172582
3.284833,0.146800,0.268600,1.220656,2.628498
3.284833,0.146800,0.268600,1.220656,3.160991
3.284833,0.146800,0.302500,1.220656,0.435844
3.284833,0.146800,0.302500,1.220656,0.693110
3.284833,0.146800,0.302500,1.220656,0.972694
3.284833,0.146800,0.302500,1.220656,1.260116
3.284833,0.146800,0.302500,1.220656,1.579606
3.284833,0.146800,0.302500,1.220656,1.929109
3.284833,0.146800,0.302500,1.220656,2.333932
3.284833,0.146800,0.302500,1.220656,2.806751
3.284833,0.146800,0.337900,1.220656,0.390183
3.284833,0.146800,0.337900,1.220656,0.620496
3.284833,0.146800,0.337900,1.220656,0.870790
3.284833,0.146800,0.337900,1.220656,1.128100
3.284833,0.146800,0.337900,1.220656,1.414119
3.284833,0.146800,0.337900,1.220656,1.727006
3.284833,0.146800,0.337900,1.220656,2.089418
3.284833,0.146800,0.337900,1.220656,2.512702
3.284833,0.146800,0.374800,1.220656,0.351769
3.284833,0.146800,0.374800,1.220656,0.559407
3.284833,0.146800,0.374800,1.220656,0.785059
3.284833,0.146800,0.374800,1.220656,1.017036
3.284833,0.146800,0.374800,1.220656,1.274895
3.284833,0.146800,0.374800,1.220656,1.556978
3.284833,0.146800,0.374800,1.220656,1.883710
3.284833,0.146800,0.374800,1.220656,2.265320
3.284833,0.146800,0.413400,1.220656,0.318923
3.284833,0.146800,0.413400,1.220656,0.507174
3.284833,0.146800,0.413400,1.220656,0.711756
3.284833,0.146800,0.413400,1.220656,0.922073
3.284833,0.146800,0.413400,1.220656,1.155856
3.284833,0.146800,0.413400,1.220656,1.411600
3.284833,0.146800,0.413400,1.220656,1.707824
3.284833,0.146800,0.413400,1.220656,2.053803
3.284833,0.146800,0.413400,1.220656,2.470369
3.284833,0.146800,0.453700,1.220656,0.290595
3.284833,0.146800,0.453700,1.220656,0.462124
3.284833,0.146800,0.453700,1.220656,0.648534
3.284833,0.146800,0.453700,1.220656,0.840170
3.284833,0.146800,0.453700,1.220656,1.053186
3.284833,0.146800,0.453700,1.220656,1.286214
3.284833,0.146800,0.453700,1.220656,1.556126
3.284833,0.146800,0.453700,1.220656,1.871373
3.284833,0.146800,0.453700,1.220656,2.250938
3.284833,0.146800,0.495800,1.220656,0.265920
3.284833,0.146800,0.495800,1.220656,0.422884
3.284833,0.146800,0.495800,1.220656,0.593465
3.284833,0.146800,0.495800,1.220656,0.768828
3.284833,0.146800,0.495800,1.220656,0.963757
3.284833,0.146800,0.495800,1.220656,1.176998
3.284833,0.146800,0.495800,1.220656,1.423990
3.284833,0.146800,0.495800,1.220656,1.712469
3.284833,0.146800,0.495800,1.220656,2.059804
3.284833,0.146800,0.539700,1.220656,0.244289
3.284833,0.146800,0.539700,1.220656,0.388486
3.284833,0.146800,0.539700,1.220656,0.545192
3.284833,0.146800,0.539700,1.220656,0.706291
3.284833,0.146800,0.539700,1.220656,0.885363
3.284833,0.146800,0.539700,1.220656,1.081259
3.284833,0.146800,0.539700,1.220656,1.308161
3.284833,0.146800,0.539700,1.220656,1.573174
3.284833,0.146800,0.539700,1.220656,1.892256
3.284833,0.146800,0.585500,1.220656,0.358097
3.284833,0.146800,0.585500,1.220656,0.502545
3.284833,0.146800,0.585500,1.220656,0.651042
3.284833,0.146800,0.585500,1.220656,0.816107
3.284833,0.146800,0.585500,1.220656,0.996679
3.284833,0.146800,0.585500,1.220656,1.205832
3.284833,0.146800,0.585500,1.220656,1.450115
3.284833,0.146800,0.633400,1.220656,0.331016
3.284833,0.146800,0.633400,1.220656,0.464541
3.284833,0.146800,0.633400,1.220656,0.601808
3.284833,0.146800,0.633400,1.220656,0.754390
3.284833,0.146800,0.633400,1.220656,0.921306
3.284833,0.146800,0.633400,1.220656,1.114642
3.284833,0.146800,0.633400,1.220656,1.340452
3.284833,0.146800,0.633400,1.220656,1.612331
3.284833,0.146800,0.683400,1.220656,0.306798
3.284833,0.146800,0.683400,1.220656,0.430553
3.284833,0.146800,0.683400,1.220656,0.557777
3.284833,0.146800,0.683400,1.220656,0.699196
3.284833,0.146800,0.683400,1.220656,0.853900
3.284833,0.146800,0.683400,1.220656,1.033091
3.284833,0.146800,0.683400,1.220656,1.242379
3.284833,0.146800,0.735500,1.220656,0.285066
3.284833,0.146800,0.735500,1.220656,0.400054
3.284833,0.146800,0.735500,1.220656,0.518267
3.284833,0.146800,0.735500,1.220656,0.649668
3.284833,0.146800,0.735500,1.220656,0.793413
3.284833,0.146800,0.735500,1.220656,0.959911
3.284833,0.146800,0.735500,1.220656,1.154374
3.284833,0.146800,0.790000,1.220656,0.372456
3.284833,0.146800,0.790000,1.220656,0.482513
3.284833,0.146800,0.790000,1.220656,0.604849
3.284833,0.146800,0.790000,1.220656,0.738678
3.284833,0.146800,0.790000,1.220656,0.893689
3.284833,0.146800,0.790000,1.220656,1.074737
3.284833,0.146800,0.846900,1.220656,0.347432
3.284833,0.146800,0.846900,1.220656,0.450094
3.284833,0.146800,0.846900,1.220656,0.564211
3.284833,0.146800,0.846900,1.220656,0.689049
3.284833,0.146800,0.846900,1.220656,0.833646
3.284833,0.175300,0.068200,1.220656,1.933180
3.284833,0.175300,0.068200,1.220656,3.074278
3.284833,0.175300,0.093300,1.220656,0.614643
3.284833,0.175300,0.093300,1.220656,1.413107
3.284833,0.175300,0.093300,1.220656,2.247221
3.284833,0.175300,0.093300,1.220656,3.153698
3.284833,0.175300,0.119400,1.220656,0.480287
3.284833,0.175300,0.119400,1.220656,1.104212
3.284833,0.175300,0.119400,1.220656,1.755995
3.284833,0.175300,0.119400,1.220656,2.464322
3.284833,0.175300,0.119400,1.220656,3.192504
3.284833,0.175300,0.146800,1.220656,0.390642
3.284833,0.175300,0.146800,1.220656,0.898112
3.284833,0.175300,0.146800,1.220656,1.428241
3.284833,0.175300,0.146800,1.220656,2.004360
3.284833,0.175300,0.146800,1.220656,2.596628
3.284833,0.175300,0.146800,1.220656,3.254977
3.284833,0.175300,0.175300,1.220656,0.327132
3.284833,0.175300,0.175300,1.220656,0.752099
3.284833,0.175300,0.175300,1.220656,1.196040
3.284833,0.175300,0.175300,1.220656,1.678494
3.284833,0.175300,0.175300,1.220656,2.174472
3.284833,0.175300,0.175300,1.220656,2.725788
3.284833,0.175300,0.175300,1.220656,3.328896
3.284833,0.175300,0.205100,1.220656,0.279601
3.284833,0.175300,0.205100,1.220656,0.642823
3.284833,0.175300,0.205100,1.220656,1.022261
3.284833,0.175300,0.205100,1.220656,1.434617
3.284833,0.175300,0.205100,1.220656,1.858532
3.284833,0.175300,0.205100,1.220656,2.329745
3.284833,0.175300,0.205100,1.220656,2.845224
3.284833,0.175300,0.236200,1.220656,0.242787
3.284833,0.175300,0.236200,1.220656,0.558183
3.284833,0.175300,0.236200,1.220656,0.887662
3.284833,0.175300,0.236200,1.220656,1.245724
3.284833,0.175300,0.236200,1.220656,1.613823
3.284833,0.175300,0.236200,1.220656,2.022992
3.284833,0.175300,0.236200,1.220656,2.470599
3.284833,0.175300,0.236200,1.220656,2.989053
3.284833,0.175300,0.268600,1.220656,0.213501
3.284833,0.175300,0.268600,1.220656,0.490852
3.284833,0.175300,0.268600,1.220656,0.780587
3.284833,0.175300,0.268600,1.220656,1.095458
3.284833,0.175300,0.268600,1.220656,1.419155
3.284833,0.175300,0.268600,1.220656,1.778967
3.284833,0.175300,0.268600,1.220656,2.172582
3.284833,0.175300,0.268600,1.220656,2.628498
3.284833,0.175300,0.302500,1.220656,0.189574
3.284833,0.175300,0.302500,1.220656,0.435844
3.284833,0.175300,0.302500,1.220656,0.693110
3.284833,0.175300,0.302500,1.220656,0.972694
3.284833,0.175300,0.302500,1.220656,1.260116
3.284833,0.175300,0.302500,1.220656,1.579606
3.284833,0.175300,0.302500,1.220656,1.929109
3.284833,0.175300,0.302500,1.220656,2.333932
3.284833,0.175300,0.302500,1.220656,2.806751
3.284833,0.175300,0.337900,1.220656,0.169714
3.284833,0.175300,0.337900,1.220656,0.390183
3.284833,0.175300,0.337900,1.220656,0.620496
3.284833,0.175300,0.337900,1.220656,0.870790
3.284833,0.175300,0.337900,1.220656,1.128100
3.284833,0.175300,0.337900,1.220656,1.414119
3.284833,0.175300,0.337900,1.220656,1.727006
