3.284833,0.175300,0.175300,1.319091,2.522381
3.284833,0.175300,0.175300,1.319091,2.522381
3.284833,0.175300,0.175300,1.319091,2.522381
3.284833,0.175300,0.175300,1.319091,2.522381
3.284833,0.175300,0.175300,1.319091,3.080482
3.284833,0.175300,0.175300,1.319091,3.080482
3.284833,0.175300,0.175300,1.319091,3.080482
3.284833,0.175300,0.175300,1.319091,3.080482
3.284833,0.175300,0.175300,1.319091,3.080482
3.284833,0.175300,0.175300,1.319091,3.080482
3.284833,0.175300,0.175300,1.319091,3.080482
3.284833,0.175300,0.175300,1.319091,3.080482
3.284833,0.175300,0.175300,1.319091,3.080482
3.284833,0.175300,0.175300,1.319091,3.080482
3.284833,0.175300,0.175300,1.319091,3.080482
3.284833,0.175300,0.175300,1.319091,3.080482
3.284833,0.175300,0.175300,1.319091,3.080482
3.284833,0.175300,0.175300,1.319091,3.080482
3.284833,0.175300,0.175300,1.319091,3.080482
3.284833,0.175300,0.175300,1.319091,3.080482
3.284833,0.175300,0.175300,1.319091,3.080482
3.284833,0.175300,0.175300,1.319091,3.080482
3.284833,0.175300,0.205100,1.319091,0.258737
3.284833,0.175300,0.205100,1.319091,0.258737
3.284833,0.175300,0.205100,1.319091,0.258737
3.284833,0.175300,0.205100,1.319091,0.258737
3.284833,0.175300,0.205100,1.319091,0.594853
3.284833,0.175300,0.205100,1.319091,0.594853
3.284833,0.175300,0.205100,1.319091,0.594853
3.284833,0.175300,0.205100,1.319091,0.594853
3.284833,0.175300,0.205100,1.319091,0.594853
3.284833,0.175300,0.205100,1.319091,0.594853
3.284833,0.175300,0.205100,1.319091,0.594853
3.284833,0.175300,0.205100,1.319091,0.594853
3.284833,0.175300,0.205100,1.319091,0.594853
3.284833,0.175300,0.205100,1.319091,0.594853
3.284833,0.175300,0.205100,1.319091,0.594853
3.284833,0.175300,0.205100,1.319091,0.594853
3.284833,0.175300,0.205100,1.319091,0.945977
3.284833,0.175300,0.205100,1.319091,0.945977
3.284833,0.175300,0.205100,1.319091,0.945977
3.284833,0.175300,0.205100,1.319091,0.945977
3.284833,0.175300,0.205100,1.319091,0.945977
3.284833,0.175300,0.205100,1.319091,0.945977
3.284833,0.175300,0.205100,1.319091,0.945977
3.284833,0.175300,0.205100,1.319091,0.945977
3.284833,0.175300,0.205100,1.319091,0.945977
3.284833,0.175300,0.205100,1.319091,0.945977
3.284833,0.175300,0.205100,1.319091,0.945977
3.284833,0.175300,0.205100,1.319091,0.945977
3.284833,0.175300,0.205100,1.319091,0.945977
3.284833,0.175300,0.205100,1.319091,0.945977
3.284833,0.175300,0.205100,1.319091,0.945977
3.284833,0.175300,0.205100,1.319091,0.945977
3.284833,0.175300,0.205100,1.319091,0.945977
3.284833,0.175300,0.205100,1.319091,0.945977
3.284833,0.175300,0.205100,1.319091,1.327561
3.284833,0.175300,0.205100,1.319091,1.327561
3.284833,0.175300,0.205100,1.319091,1.327561
3.284833,0.175300,0.205100,1.319091,1.327561
3.284833,0.175300,0.205100,1.319091,1.327561
3.284833,0.175300,0.205100,1.319091,1.327561
3.284833,0.175300,0.205100,1.319091,1.327561
3.284833,0.175300,0.205100,1.319091,1.327561
3.284833,0.175300,0.205100,1.319091,1.327561
3.284833,0.175300,0.205100,1.319091,1.327561
3.284833,0.175300,0.205100,1.319091,1.327561
3.284833,0.175300,0.205100,1.319091,1.327561
3.284833,0.175300,0.205100,1.319091,1.327561
3.284833,0.175300,0.205100,1.319091,1.327561
3.284833,0.175300,0.205100,1.319091,1.327561
3.284833,0.175300,0.205100,1.319091,1.327561
3.284833,0.175300,0.205100,1.319091,1.327561
3.284833,0.175300,0.205100,1.319091,1.327561
3.284833,0.175300,0.205100,1.319091,1.719842
3.284833,0.175300,0.205100,1.319091,1.719842
3.284833,0.175300,0.205100,1.319091,1.719842
3.284833,0.175300,0.205100,1.319091,1.719842
3.284833,0.175300,0.205100,1.319091,1.719842
3.284833,0.175300,0.205100,1.319091,1.719842
3.284833,0.175300,0.205100,1.319091,1.719842
3.284833,0.175300,0.205100,1.319091,1.719842
3.284833,0.175300,0.205100,1.319091,1.719842
3.284833,0.175300,0.205100,1.319091,1.719842
3.284833,0.175300,0.205100,1.319091,1.719842
3.284833,0.175300,0.205100,1.319091,1.719842
3.284833,0.175300,0.205100,1.319091,1.719842
3.284833,0.175300,0.205100,1.319091,1.719842
3.284833,0.175300,0.205100,1.319091,1.719842
3.284833,0.175300,0.205100,1.319091,1.719842
3.284833,0.175300,0.205100,1.319091,1.719842
3.284833,0.175300,0.205100,1.319091,1.719842
3.284833,0.175300,0.205100,1.319091,2.155891
3.284833,0.175300,0.205100,1.319091,2.155891
3.284833,0.175300,0.205100,1.319091,2.155891
3.284833,0.175300,0.205100,1.319091,2.155891
3.284833,0.175300,0.205100,1.319091,2.155891
3.284833,0.175300,0.205100,1.319091,2.155891
3.284833,0.175300,0.205100,1.319091,2.155891
3.284833,0.175300,0.205100,1.319091,2.155891
3.284833,0.175300,0.205100,1.319091,2.155891
3.284833,0.175300,0.205100,1.319091,2.155891
3.284833,0.175300,0.205100,1.319091,2.155891
3.284833,0.175300,0.205100,1.319091,2.155891
3.284833,0.175300,0.205100,1.319091,2.155891
3.284833,0.175300,0.205100,1.319091,2.155891
3.284833,0.175300,0.205100,1.319091,2.155891
3.284833,0.175300,0.205100,1.319091,2.155891
3.284833,0.175300,0.205100,1.319091,2.155891
3.284833,0.175300,0.205100,1.319091,2.155891
3.284833,0.175300,0.205100,1.319091,2.632904
3.284833,0.175300,0.205100,1.319091,2.632904
3.284833,0.175300,0.205100,1.319091,2.632904
3.284833,0.175300,0.205100,1.319091,2.632904
3.284833,0.175300,0.205100,1.319091,2.632904
3.284833,0.175300,0.205100,1.319091,2.632904
3.284833,0.175300,0.205100,1.319091,2.632904
3.284833,0.175300,0.205100,1.319091,2.632904
3.284833,0.175300,0.205100,1.319091,2.632904
3.284833,0.175300,0.205100,1.319091,2.632904
3.284833,0.175300,0.205100,1.319091,2.632904
3.284833,0.175300,0.205100,1.319091,2.632904
3.284833,0.175300,0.205100,1.319091,2.632904
3.284833,0.175300,0.205100,1.319091,2.632904
3.284833,0.175300,0.205100,1.319091,2.632904
3.284833,0.175300,0.205100,1.319091,2.632904
3.284833,0.175300,0.205100,1.319091,2.632904
3.284833,0.175300,0.205100,1.319091,2.632904
3.284833,0.175300,0.205100,1.319091,3.185418
3.284833,0.175300,0.205100,1.319091,3.185418
3.284833,0.175300,0.205100,1.319091,3.185418
3.284833,0.175300,0.205100,1.319091,3.185418
3.284833,0.175300,0.205100,1.319091,3.185418
3.284833,0.175300,0.205100,1.319091,3.185418
3.284833,0.175300,0.205100,1.319091,3.185418
3.284833,0.175300,0.205100,1.319091,3.185418
3.284833,0.175300,0.205100,1.319091,3.185418
3.284833,0.175300,0.205100,1.319091,3.185418
3.284833,0.175300,0.205100,1.319091,3.185418
3.284833,0.175300,0.205100,1.319091,3.185418
3.284833,0.175300,0.205100,1.319091,3.185418
3.284833,0.175300,0.205100,1.319091,3.185418
3.284833,0.175300,0.205100,1.319091,3.185418
3.284833,0.175300,0.205100,1.319091,3.185418
3.284833,0.175300,0.205100,1.319091,3.185418
3.284833,0.175300,0.205100,1.319091,3.185418
3.284833,0.175300,0.236200,1.319091,0.224669
3.284833,0.175300,0.236200,1.319091,0.224669
3.284833,0.175300,0.236200,1.319091,0.224669
3.284833,0.175300,0.236200,1.319091,0.224669
3.284833,0.175300,0.236200,1.319091,0.516530
3.284833,0.175300,0.236200,1.319091,0.516530
3.284833,0.175300,0.236200,1.319091,0.516530
3.284833,0.175300,0.236200,1.319091,0.516530
3.284833,0.175300,0.236200,1.319091,0.516530
3.284833,0.175300,0.236200,1.319091,0.516530
3.284833,0.175300,0.236200,1.319091,0.516530
3.284833,0.175300,0.236200,1.319091,0.516530
3.284833,0.175300,0.236200,1.319091,0.516530
3.284833,0.175300,0.236200,1.319091,0.516530
3.284833,0.175300,0.236200,1.319091,0.516530
3.284833,0.175300,0.236200,1.319091,0.821422
3.284833,0.175300,0.236200,1.319091,0.821422
3.284833,0.175300,0.236200,1.319091,0.821422
3.284833,0.175300,0.236200,1.319091,0.821422
3.284833,0.175300,0.236200,1.319091,0.821422
3.284833,0.175300,0.236200,1.319091,0.821422
3.284833,0.175300,0.236200,1.319091,0.821422
3.284833,0.175300,0.236200,1.319091,0.821422
3.284833,0.175300,0.236200,1.319091,0.821422
3.284833,0.175300,0.236200,1.319091,0.821422
3.284833,0.175300,0.236200,1.319091,0.821422
3.284833,0.175300,0.236200,1.319091,0.821422
3.284833,0.175300,0.236200,1.319091,0.821422
3.284833,0.175300,0.236200,1.319091,0.821422
3.284833,0.175300,0.236200,1.319091,0.821422
3.284833,0.175300,0.236200,1.319091,0.821422
3.284833,0.175300,0.236200,1.319091,0.821422
3.284833,0.175300,0.236200,1.319091,0.821422
3.284833,0.175300,0.236200,1.319091,1.152764
3.284833,0.175300,0.236200,1.319091,1.152764
3.284833,0.175300,0.236200,1.319091,1.152764
3.284833,0.175300,0.236200,1.319091,1.152764
3.284833,0.175300,0.236200,1.319091,1.152764
3.284833,0.175300,0.236200,1.319091,1.152764
3.284833,0.175300,0.236200,1.319091,1.152764
3.284833,0.175300,0.236200,1.319091,1.152764
3.284833,0.175300,0.236200,1.319091,1.152764
3.284833,0.175300,0.236200,1.319091,1.152764
3.284833,0.175300,0.236200,1.319091,1.152764
3.284833,0.175300,0.236200,1.319091,1.152764
3.284833,0.175300,0.236200,1.319091,1.152764
3.284833,0.175300,0.236200,1.319091,1.152764
3.284833,0.175300,0.236200,1.319091,1.152764
3.284833,0.175300,0.236200,1.319091,1.152764
3.284833,0.175300,0.236200,1.319091,1.152764
3.284833,0.175300,0.236200,1.319091,1.152764
3.284833,0.175300,0.236200,1.319091,1.493394
3.284833,0.175300,0.236200,1.319091,1.493394
3.284833,0.175300,0.236200,1.319091,1.493394
3.284833,0.175300,0.236200,1.319091,1.493394
3.284833,0.175300,0.236200,1.319091,1.493394
3.284833,0.175300,0.236200,1.319091,1.493394
3.284833,0.175300,0.236200,1.319091,1.493394
3.284833,0.175300,0.236200,1.319091,1.493394
3.284833,0.175300,0.236200,1.319091,1.493394
3.284833,0.175300,0.236200,1.319091,1.493394
3.284833,0.175300,0.236200,1.319091,1.493394
3.284833,0.175300,0.236200,1.319091,1.493394
3.284833,0.175300,0.236200,1.319091,1.493394
3.284833,0.175300,0.236200,1.319091,1.493394
3.284833,0.175300,0.236200,1.319091,1.493394
3.284833,0.175300,0.236200,1.319091,1.493394
3.284833,0.175300,0.236200,1.319091,1.493394
3.284833,0.175300,0.236200,1.319091,1.493394
3.284833,0.175300,0.236200,1.319091,1.872029
